{
 "cells": [
  {
   "cell_type": "code",
   "execution_count": 2,
   "metadata": {
    "collapsed": true
   },
   "outputs": [],
   "source": [
    "import math\n",
    "import matplotlib.pyplot as plt\n",
    "import keras\n",
    "import pandas as pd\n",
    "import numpy as np\n",
    "from keras.models import Sequential\n",
    "from keras.layers import Dense\n",
    "from keras.layers import LSTM\n",
    "from keras.layers import Dropout\n",
    "from keras.layers import *\n",
    "from sklearn.preprocessing import MinMaxScaler\n",
    "from sklearn.metrics import mean_squared_error\n",
    "from sklearn.metrics import mean_absolute_error\n",
    "from sklearn.model_selection import train_test_split\n",
    "from keras.callbacks import EarlyStopping\n",
    "from sklearn.preprocessing import StandardScaler\n",
    "from keras.models import load_model\n",
    "from keras.models import Sequential\n",
    "from keras.layers import *\n",
    "from keras.callbacks import ModelCheckpoint\n",
    "from keras.losses import MeanSquaredError\n",
    "from keras.metrics import RootMeanSquaredError\n",
    "from keras.optimizers import Adam\n",
    "from sklearn.metrics import mean_squared_error as mse"
   ]
  },
  {
   "cell_type": "code",
   "execution_count": 3,
   "outputs": [],
   "source": [
    "dfbv = pd.read_pickle('bit_price&vader_firstclean.pkl')"
   ],
   "metadata": {
    "collapsed": false,
    "pycharm": {
     "name": "#%%\n"
    }
   }
  },
  {
   "cell_type": "code",
   "execution_count": 4,
   "outputs": [],
   "source": [
    "dfbv\n",
    "\n",
    "dfbv = dfbv.drop(columns = ['unix', 'symbol', 'pos', 'neu', 'neg'])"
   ],
   "metadata": {
    "collapsed": false,
    "pycharm": {
     "name": "#%%\n"
    }
   }
  },
  {
   "cell_type": "code",
   "execution_count": 9,
   "outputs": [
    {
     "data": {
      "text/plain": "                open      high       low     close   Volume BTC    Volume USD  \\\n2022-05-01  37638.78  38672.20  37400.00  38488.34  1248.042690  4.803509e+07   \n2022-04-30  38599.30  38786.95  37597.36  37639.80   728.279620  2.741230e+07   \n2022-04-29  39753.28  39923.61  38174.27  38593.42  1600.899167  6.178417e+07   \n2022-04-28  39254.40  40387.00  38880.44  39754.20  1842.005084  7.322744e+07   \n2022-04-27  38105.68  39494.73  37885.75  39256.05  1769.009307  6.944432e+07   \n2022-04-26  40452.52  40800.00  37701.00  38137.67  2909.722520  1.109700e+08   \n2022-04-25  39464.67  40602.85  38202.91  40441.11  2220.044028  8.978104e+07   \n2022-04-24  39438.51  39944.65  38987.00  39467.40   663.704172  2.619468e+07   \n2022-04-23  39700.55  39983.98  39301.00  39421.59   398.244488  1.569943e+07   \n2022-04-22  40497.00  40808.66  39197.64  39726.03  2136.999771  8.489452e+07   \n2022-04-21  41378.77  42978.95  39770.00  40470.76  2163.314054  8.755096e+07   \n2022-04-20  41476.89  42220.04  40893.21  41375.85  1359.541313  5.625218e+07   \n2022-04-19  40814.60  41754.05  40578.58  41505.77  1457.110812  6.047851e+07   \n2022-04-18  39660.62  41101.00  38547.12  40814.60  2421.081856  9.881549e+07   \n2022-04-17  40379.81  40602.69  39565.68  39691.27   485.003719  1.925041e+07   \n2022-04-16  40576.41  40701.00  40014.79  40395.67   365.726248  1.477376e+07   \n2022-04-15  39962.60  40869.99  39788.97  40563.18   752.399438  3.051971e+07   \n2022-04-14  41159.29  41504.29  39582.53  39961.53  1169.493818  4.673476e+07   \n2022-04-13  40099.51  41557.61  39584.86  41147.74  1563.484487  6.433385e+07   \n2022-04-12  39545.37  40691.01  39273.65  40097.46  2111.920574  8.468265e+07   \n2022-04-11  42159.45  42415.57  39218.15  39524.86  2288.479212  9.045182e+07   \n2022-04-10  42774.85  43450.72  41888.88  42133.85   862.613105  3.634521e+07   \n2022-04-09  42258.22  42807.63  42131.51  42767.89   525.173544  2.246056e+07   \n2022-04-08  43467.82  43986.09  42120.00  42290.11  1453.744661  6.147902e+07   \n2022-04-07  43172.83  43896.45  42741.52  43454.53  1381.677378  6.004014e+07   \n2022-04-06  45512.95  45548.77  43086.80  43191.59  3073.556897  1.327518e+08   \n2022-04-05  46514.43  47201.00  45342.33  45502.73  1127.690437  5.131299e+07   \n2022-04-04  46414.88  46891.17  45124.79  46598.20  1496.641541  6.974080e+07   \n2022-04-03  45820.28  47458.48  45565.64  46401.57  1063.628732  4.935404e+07   \n2022-04-02  46306.38  47218.17  45650.00  45820.28   724.308750  3.318803e+07   \n2022-04-01  45522.53  46739.81  44244.00  46307.81  1953.219529  9.044932e+07   \n2022-03-31  47086.07  47624.18  45234.00  45517.27  1372.965107  6.249362e+07   \n2022-03-30  47459.03  47721.41  46572.15  47068.08  1627.543218  7.660533e+07   \n2022-03-29  47152.38  48128.87  46941.84  47459.03  1716.323923  8.145507e+07   \n2022-03-28  46854.96  48234.00  46672.25  47152.38  2691.937848  1.269313e+08   \n2022-03-27  44553.24  46950.00  44456.90  46864.39  1548.888905  7.258773e+07   \n2022-03-26  44340.49  44815.31  44101.00  44535.65   494.724202  2.203286e+07   \n2022-03-25  44025.99  45137.12  43616.88  44320.60  1725.071570  7.645621e+07   \n\n            compound  \n2022-05-01  0.126698  \n2022-04-30  0.118325  \n2022-04-29  0.130839  \n2022-04-28  0.139122  \n2022-04-27  0.141789  \n2022-04-26  0.150431  \n2022-04-25  0.139021  \n2022-04-24  0.168375  \n2022-04-23  0.155180  \n2022-04-22  0.139239  \n2022-04-21  0.157078  \n2022-04-20  0.151392  \n2022-04-19  0.170541  \n2022-04-18  0.114537  \n2022-04-17  0.136066  \n2022-04-16  0.151660  \n2022-04-15  0.124478  \n2022-04-14  0.122640  \n2022-04-13  0.124991  \n2022-04-12  0.107226  \n2022-04-11  0.105515  \n2022-04-10  0.129445  \n2022-04-09  0.129773  \n2022-04-08  0.127055  \n2022-04-07  0.137454  \n2022-04-06  0.114979  \n2022-04-05  0.134802  \n2022-04-04  0.140735  \n2022-04-03  0.132246  \n2022-04-02  0.120900  \n2022-04-01  0.111855  \n2022-03-31  0.117222  \n2022-03-30  0.108095  \n2022-03-29  0.104992  \n2022-03-28  0.121951  \n2022-03-27  0.067313  \n2022-03-26  0.044558  \n2022-03-25  0.076815  ",
      "text/html": "<div>\n<style scoped>\n    .dataframe tbody tr th:only-of-type {\n        vertical-align: middle;\n    }\n\n    .dataframe tbody tr th {\n        vertical-align: top;\n    }\n\n    .dataframe thead th {\n        text-align: right;\n    }\n</style>\n<table border=\"1\" class=\"dataframe\">\n  <thead>\n    <tr style=\"text-align: right;\">\n      <th></th>\n      <th>open</th>\n      <th>high</th>\n      <th>low</th>\n      <th>close</th>\n      <th>Volume BTC</th>\n      <th>Volume USD</th>\n      <th>compound</th>\n    </tr>\n  </thead>\n  <tbody>\n    <tr>\n      <th>2022-05-01</th>\n      <td>37638.78</td>\n      <td>38672.20</td>\n      <td>37400.00</td>\n      <td>38488.34</td>\n      <td>1248.042690</td>\n      <td>4.803509e+07</td>\n      <td>0.126698</td>\n    </tr>\n    <tr>\n      <th>2022-04-30</th>\n      <td>38599.30</td>\n      <td>38786.95</td>\n      <td>37597.36</td>\n      <td>37639.80</td>\n      <td>728.279620</td>\n      <td>2.741230e+07</td>\n      <td>0.118325</td>\n    </tr>\n    <tr>\n      <th>2022-04-29</th>\n      <td>39753.28</td>\n      <td>39923.61</td>\n      <td>38174.27</td>\n      <td>38593.42</td>\n      <td>1600.899167</td>\n      <td>6.178417e+07</td>\n      <td>0.130839</td>\n    </tr>\n    <tr>\n      <th>2022-04-28</th>\n      <td>39254.40</td>\n      <td>40387.00</td>\n      <td>38880.44</td>\n      <td>39754.20</td>\n      <td>1842.005084</td>\n      <td>7.322744e+07</td>\n      <td>0.139122</td>\n    </tr>\n    <tr>\n      <th>2022-04-27</th>\n      <td>38105.68</td>\n      <td>39494.73</td>\n      <td>37885.75</td>\n      <td>39256.05</td>\n      <td>1769.009307</td>\n      <td>6.944432e+07</td>\n      <td>0.141789</td>\n    </tr>\n    <tr>\n      <th>2022-04-26</th>\n      <td>40452.52</td>\n      <td>40800.00</td>\n      <td>37701.00</td>\n      <td>38137.67</td>\n      <td>2909.722520</td>\n      <td>1.109700e+08</td>\n      <td>0.150431</td>\n    </tr>\n    <tr>\n      <th>2022-04-25</th>\n      <td>39464.67</td>\n      <td>40602.85</td>\n      <td>38202.91</td>\n      <td>40441.11</td>\n      <td>2220.044028</td>\n      <td>8.978104e+07</td>\n      <td>0.139021</td>\n    </tr>\n    <tr>\n      <th>2022-04-24</th>\n      <td>39438.51</td>\n      <td>39944.65</td>\n      <td>38987.00</td>\n      <td>39467.40</td>\n      <td>663.704172</td>\n      <td>2.619468e+07</td>\n      <td>0.168375</td>\n    </tr>\n    <tr>\n      <th>2022-04-23</th>\n      <td>39700.55</td>\n      <td>39983.98</td>\n      <td>39301.00</td>\n      <td>39421.59</td>\n      <td>398.244488</td>\n      <td>1.569943e+07</td>\n      <td>0.155180</td>\n    </tr>\n    <tr>\n      <th>2022-04-22</th>\n      <td>40497.00</td>\n      <td>40808.66</td>\n      <td>39197.64</td>\n      <td>39726.03</td>\n      <td>2136.999771</td>\n      <td>8.489452e+07</td>\n      <td>0.139239</td>\n    </tr>\n    <tr>\n      <th>2022-04-21</th>\n      <td>41378.77</td>\n      <td>42978.95</td>\n      <td>39770.00</td>\n      <td>40470.76</td>\n      <td>2163.314054</td>\n      <td>8.755096e+07</td>\n      <td>0.157078</td>\n    </tr>\n    <tr>\n      <th>2022-04-20</th>\n      <td>41476.89</td>\n      <td>42220.04</td>\n      <td>40893.21</td>\n      <td>41375.85</td>\n      <td>1359.541313</td>\n      <td>5.625218e+07</td>\n      <td>0.151392</td>\n    </tr>\n    <tr>\n      <th>2022-04-19</th>\n      <td>40814.60</td>\n      <td>41754.05</td>\n      <td>40578.58</td>\n      <td>41505.77</td>\n      <td>1457.110812</td>\n      <td>6.047851e+07</td>\n      <td>0.170541</td>\n    </tr>\n    <tr>\n      <th>2022-04-18</th>\n      <td>39660.62</td>\n      <td>41101.00</td>\n      <td>38547.12</td>\n      <td>40814.60</td>\n      <td>2421.081856</td>\n      <td>9.881549e+07</td>\n      <td>0.114537</td>\n    </tr>\n    <tr>\n      <th>2022-04-17</th>\n      <td>40379.81</td>\n      <td>40602.69</td>\n      <td>39565.68</td>\n      <td>39691.27</td>\n      <td>485.003719</td>\n      <td>1.925041e+07</td>\n      <td>0.136066</td>\n    </tr>\n    <tr>\n      <th>2022-04-16</th>\n      <td>40576.41</td>\n      <td>40701.00</td>\n      <td>40014.79</td>\n      <td>40395.67</td>\n      <td>365.726248</td>\n      <td>1.477376e+07</td>\n      <td>0.151660</td>\n    </tr>\n    <tr>\n      <th>2022-04-15</th>\n      <td>39962.60</td>\n      <td>40869.99</td>\n      <td>39788.97</td>\n      <td>40563.18</td>\n      <td>752.399438</td>\n      <td>3.051971e+07</td>\n      <td>0.124478</td>\n    </tr>\n    <tr>\n      <th>2022-04-14</th>\n      <td>41159.29</td>\n      <td>41504.29</td>\n      <td>39582.53</td>\n      <td>39961.53</td>\n      <td>1169.493818</td>\n      <td>4.673476e+07</td>\n      <td>0.122640</td>\n    </tr>\n    <tr>\n      <th>2022-04-13</th>\n      <td>40099.51</td>\n      <td>41557.61</td>\n      <td>39584.86</td>\n      <td>41147.74</td>\n      <td>1563.484487</td>\n      <td>6.433385e+07</td>\n      <td>0.124991</td>\n    </tr>\n    <tr>\n      <th>2022-04-12</th>\n      <td>39545.37</td>\n      <td>40691.01</td>\n      <td>39273.65</td>\n      <td>40097.46</td>\n      <td>2111.920574</td>\n      <td>8.468265e+07</td>\n      <td>0.107226</td>\n    </tr>\n    <tr>\n      <th>2022-04-11</th>\n      <td>42159.45</td>\n      <td>42415.57</td>\n      <td>39218.15</td>\n      <td>39524.86</td>\n      <td>2288.479212</td>\n      <td>9.045182e+07</td>\n      <td>0.105515</td>\n    </tr>\n    <tr>\n      <th>2022-04-10</th>\n      <td>42774.85</td>\n      <td>43450.72</td>\n      <td>41888.88</td>\n      <td>42133.85</td>\n      <td>862.613105</td>\n      <td>3.634521e+07</td>\n      <td>0.129445</td>\n    </tr>\n    <tr>\n      <th>2022-04-09</th>\n      <td>42258.22</td>\n      <td>42807.63</td>\n      <td>42131.51</td>\n      <td>42767.89</td>\n      <td>525.173544</td>\n      <td>2.246056e+07</td>\n      <td>0.129773</td>\n    </tr>\n    <tr>\n      <th>2022-04-08</th>\n      <td>43467.82</td>\n      <td>43986.09</td>\n      <td>42120.00</td>\n      <td>42290.11</td>\n      <td>1453.744661</td>\n      <td>6.147902e+07</td>\n      <td>0.127055</td>\n    </tr>\n    <tr>\n      <th>2022-04-07</th>\n      <td>43172.83</td>\n      <td>43896.45</td>\n      <td>42741.52</td>\n      <td>43454.53</td>\n      <td>1381.677378</td>\n      <td>6.004014e+07</td>\n      <td>0.137454</td>\n    </tr>\n    <tr>\n      <th>2022-04-06</th>\n      <td>45512.95</td>\n      <td>45548.77</td>\n      <td>43086.80</td>\n      <td>43191.59</td>\n      <td>3073.556897</td>\n      <td>1.327518e+08</td>\n      <td>0.114979</td>\n    </tr>\n    <tr>\n      <th>2022-04-05</th>\n      <td>46514.43</td>\n      <td>47201.00</td>\n      <td>45342.33</td>\n      <td>45502.73</td>\n      <td>1127.690437</td>\n      <td>5.131299e+07</td>\n      <td>0.134802</td>\n    </tr>\n    <tr>\n      <th>2022-04-04</th>\n      <td>46414.88</td>\n      <td>46891.17</td>\n      <td>45124.79</td>\n      <td>46598.20</td>\n      <td>1496.641541</td>\n      <td>6.974080e+07</td>\n      <td>0.140735</td>\n    </tr>\n    <tr>\n      <th>2022-04-03</th>\n      <td>45820.28</td>\n      <td>47458.48</td>\n      <td>45565.64</td>\n      <td>46401.57</td>\n      <td>1063.628732</td>\n      <td>4.935404e+07</td>\n      <td>0.132246</td>\n    </tr>\n    <tr>\n      <th>2022-04-02</th>\n      <td>46306.38</td>\n      <td>47218.17</td>\n      <td>45650.00</td>\n      <td>45820.28</td>\n      <td>724.308750</td>\n      <td>3.318803e+07</td>\n      <td>0.120900</td>\n    </tr>\n    <tr>\n      <th>2022-04-01</th>\n      <td>45522.53</td>\n      <td>46739.81</td>\n      <td>44244.00</td>\n      <td>46307.81</td>\n      <td>1953.219529</td>\n      <td>9.044932e+07</td>\n      <td>0.111855</td>\n    </tr>\n    <tr>\n      <th>2022-03-31</th>\n      <td>47086.07</td>\n      <td>47624.18</td>\n      <td>45234.00</td>\n      <td>45517.27</td>\n      <td>1372.965107</td>\n      <td>6.249362e+07</td>\n      <td>0.117222</td>\n    </tr>\n    <tr>\n      <th>2022-03-30</th>\n      <td>47459.03</td>\n      <td>47721.41</td>\n      <td>46572.15</td>\n      <td>47068.08</td>\n      <td>1627.543218</td>\n      <td>7.660533e+07</td>\n      <td>0.108095</td>\n    </tr>\n    <tr>\n      <th>2022-03-29</th>\n      <td>47152.38</td>\n      <td>48128.87</td>\n      <td>46941.84</td>\n      <td>47459.03</td>\n      <td>1716.323923</td>\n      <td>8.145507e+07</td>\n      <td>0.104992</td>\n    </tr>\n    <tr>\n      <th>2022-03-28</th>\n      <td>46854.96</td>\n      <td>48234.00</td>\n      <td>46672.25</td>\n      <td>47152.38</td>\n      <td>2691.937848</td>\n      <td>1.269313e+08</td>\n      <td>0.121951</td>\n    </tr>\n    <tr>\n      <th>2022-03-27</th>\n      <td>44553.24</td>\n      <td>46950.00</td>\n      <td>44456.90</td>\n      <td>46864.39</td>\n      <td>1548.888905</td>\n      <td>7.258773e+07</td>\n      <td>0.067313</td>\n    </tr>\n    <tr>\n      <th>2022-03-26</th>\n      <td>44340.49</td>\n      <td>44815.31</td>\n      <td>44101.00</td>\n      <td>44535.65</td>\n      <td>494.724202</td>\n      <td>2.203286e+07</td>\n      <td>0.044558</td>\n    </tr>\n    <tr>\n      <th>2022-03-25</th>\n      <td>44025.99</td>\n      <td>45137.12</td>\n      <td>43616.88</td>\n      <td>44320.60</td>\n      <td>1725.071570</td>\n      <td>7.645621e+07</td>\n      <td>0.076815</td>\n    </tr>\n  </tbody>\n</table>\n</div>"
     },
     "execution_count": 9,
     "metadata": {},
     "output_type": "execute_result"
    }
   ],
   "source": [
    "# The dataset contains all price related variables for Bitcoin and the average compound sentiment score for that day\n",
    "\n",
    "dfbv\n"
   ],
   "metadata": {
    "collapsed": false,
    "pycharm": {
     "name": "#%%\n"
    }
   }
  },
  {
   "cell_type": "code",
   "execution_count": 20,
   "outputs": [],
   "source": [
    "dfbv=dfbv.sort_index(ascending=True)"
   ],
   "metadata": {
    "collapsed": false,
    "pycharm": {
     "name": "#%%\n"
    }
   }
  },
  {
   "cell_type": "code",
   "execution_count": 21,
   "outputs": [
    {
     "data": {
      "text/plain": "                open      high       low     close   Volume BTC    Volume USD  \\\n2022-03-25  44025.99  45137.12  43616.88  44320.60  1725.071570  7.645621e+07   \n2022-03-26  44340.49  44815.31  44101.00  44535.65   494.724202  2.203286e+07   \n2022-03-27  44553.24  46950.00  44456.90  46864.39  1548.888905  7.258773e+07   \n2022-03-28  46854.96  48234.00  46672.25  47152.38  2691.937848  1.269313e+08   \n2022-03-29  47152.38  48128.87  46941.84  47459.03  1716.323923  8.145507e+07   \n2022-03-30  47459.03  47721.41  46572.15  47068.08  1627.543218  7.660533e+07   \n2022-03-31  47086.07  47624.18  45234.00  45517.27  1372.965107  6.249362e+07   \n2022-04-01  45522.53  46739.81  44244.00  46307.81  1953.219529  9.044932e+07   \n2022-04-02  46306.38  47218.17  45650.00  45820.28   724.308750  3.318803e+07   \n2022-04-03  45820.28  47458.48  45565.64  46401.57  1063.628732  4.935404e+07   \n2022-04-04  46414.88  46891.17  45124.79  46598.20  1496.641541  6.974080e+07   \n2022-04-05  46514.43  47201.00  45342.33  45502.73  1127.690437  5.131299e+07   \n2022-04-06  45512.95  45548.77  43086.80  43191.59  3073.556897  1.327518e+08   \n2022-04-07  43172.83  43896.45  42741.52  43454.53  1381.677378  6.004014e+07   \n2022-04-08  43467.82  43986.09  42120.00  42290.11  1453.744661  6.147902e+07   \n2022-04-09  42258.22  42807.63  42131.51  42767.89   525.173544  2.246056e+07   \n2022-04-10  42774.85  43450.72  41888.88  42133.85   862.613105  3.634521e+07   \n2022-04-11  42159.45  42415.57  39218.15  39524.86  2288.479212  9.045182e+07   \n2022-04-12  39545.37  40691.01  39273.65  40097.46  2111.920574  8.468265e+07   \n2022-04-13  40099.51  41557.61  39584.86  41147.74  1563.484487  6.433385e+07   \n2022-04-14  41159.29  41504.29  39582.53  39961.53  1169.493818  4.673476e+07   \n2022-04-15  39962.60  40869.99  39788.97  40563.18   752.399438  3.051971e+07   \n2022-04-16  40576.41  40701.00  40014.79  40395.67   365.726248  1.477376e+07   \n2022-04-17  40379.81  40602.69  39565.68  39691.27   485.003719  1.925041e+07   \n2022-04-18  39660.62  41101.00  38547.12  40814.60  2421.081856  9.881549e+07   \n2022-04-19  40814.60  41754.05  40578.58  41505.77  1457.110812  6.047851e+07   \n2022-04-20  41476.89  42220.04  40893.21  41375.85  1359.541313  5.625218e+07   \n2022-04-21  41378.77  42978.95  39770.00  40470.76  2163.314054  8.755096e+07   \n2022-04-22  40497.00  40808.66  39197.64  39726.03  2136.999771  8.489452e+07   \n2022-04-23  39700.55  39983.98  39301.00  39421.59   398.244488  1.569943e+07   \n2022-04-24  39438.51  39944.65  38987.00  39467.40   663.704172  2.619468e+07   \n2022-04-25  39464.67  40602.85  38202.91  40441.11  2220.044028  8.978104e+07   \n2022-04-26  40452.52  40800.00  37701.00  38137.67  2909.722520  1.109700e+08   \n2022-04-27  38105.68  39494.73  37885.75  39256.05  1769.009307  6.944432e+07   \n2022-04-28  39254.40  40387.00  38880.44  39754.20  1842.005084  7.322744e+07   \n2022-04-29  39753.28  39923.61  38174.27  38593.42  1600.899167  6.178417e+07   \n2022-04-30  38599.30  38786.95  37597.36  37639.80   728.279620  2.741230e+07   \n2022-05-01  37638.78  38672.20  37400.00  38488.34  1248.042690  4.803509e+07   \n\n            compound  \n2022-03-25  0.076815  \n2022-03-26  0.044558  \n2022-03-27  0.067313  \n2022-03-28  0.121951  \n2022-03-29  0.104992  \n2022-03-30  0.108095  \n2022-03-31  0.117222  \n2022-04-01  0.111855  \n2022-04-02  0.120900  \n2022-04-03  0.132246  \n2022-04-04  0.140735  \n2022-04-05  0.134802  \n2022-04-06  0.114979  \n2022-04-07  0.137454  \n2022-04-08  0.127055  \n2022-04-09  0.129773  \n2022-04-10  0.129445  \n2022-04-11  0.105515  \n2022-04-12  0.107226  \n2022-04-13  0.124991  \n2022-04-14  0.122640  \n2022-04-15  0.124478  \n2022-04-16  0.151660  \n2022-04-17  0.136066  \n2022-04-18  0.114537  \n2022-04-19  0.170541  \n2022-04-20  0.151392  \n2022-04-21  0.157078  \n2022-04-22  0.139239  \n2022-04-23  0.155180  \n2022-04-24  0.168375  \n2022-04-25  0.139021  \n2022-04-26  0.150431  \n2022-04-27  0.141789  \n2022-04-28  0.139122  \n2022-04-29  0.130839  \n2022-04-30  0.118325  \n2022-05-01  0.126698  ",
      "text/html": "<div>\n<style scoped>\n    .dataframe tbody tr th:only-of-type {\n        vertical-align: middle;\n    }\n\n    .dataframe tbody tr th {\n        vertical-align: top;\n    }\n\n    .dataframe thead th {\n        text-align: right;\n    }\n</style>\n<table border=\"1\" class=\"dataframe\">\n  <thead>\n    <tr style=\"text-align: right;\">\n      <th></th>\n      <th>open</th>\n      <th>high</th>\n      <th>low</th>\n      <th>close</th>\n      <th>Volume BTC</th>\n      <th>Volume USD</th>\n      <th>compound</th>\n    </tr>\n  </thead>\n  <tbody>\n    <tr>\n      <th>2022-03-25</th>\n      <td>44025.99</td>\n      <td>45137.12</td>\n      <td>43616.88</td>\n      <td>44320.60</td>\n      <td>1725.071570</td>\n      <td>7.645621e+07</td>\n      <td>0.076815</td>\n    </tr>\n    <tr>\n      <th>2022-03-26</th>\n      <td>44340.49</td>\n      <td>44815.31</td>\n      <td>44101.00</td>\n      <td>44535.65</td>\n      <td>494.724202</td>\n      <td>2.203286e+07</td>\n      <td>0.044558</td>\n    </tr>\n    <tr>\n      <th>2022-03-27</th>\n      <td>44553.24</td>\n      <td>46950.00</td>\n      <td>44456.90</td>\n      <td>46864.39</td>\n      <td>1548.888905</td>\n      <td>7.258773e+07</td>\n      <td>0.067313</td>\n    </tr>\n    <tr>\n      <th>2022-03-28</th>\n      <td>46854.96</td>\n      <td>48234.00</td>\n      <td>46672.25</td>\n      <td>47152.38</td>\n      <td>2691.937848</td>\n      <td>1.269313e+08</td>\n      <td>0.121951</td>\n    </tr>\n    <tr>\n      <th>2022-03-29</th>\n      <td>47152.38</td>\n      <td>48128.87</td>\n      <td>46941.84</td>\n      <td>47459.03</td>\n      <td>1716.323923</td>\n      <td>8.145507e+07</td>\n      <td>0.104992</td>\n    </tr>\n    <tr>\n      <th>2022-03-30</th>\n      <td>47459.03</td>\n      <td>47721.41</td>\n      <td>46572.15</td>\n      <td>47068.08</td>\n      <td>1627.543218</td>\n      <td>7.660533e+07</td>\n      <td>0.108095</td>\n    </tr>\n    <tr>\n      <th>2022-03-31</th>\n      <td>47086.07</td>\n      <td>47624.18</td>\n      <td>45234.00</td>\n      <td>45517.27</td>\n      <td>1372.965107</td>\n      <td>6.249362e+07</td>\n      <td>0.117222</td>\n    </tr>\n    <tr>\n      <th>2022-04-01</th>\n      <td>45522.53</td>\n      <td>46739.81</td>\n      <td>44244.00</td>\n      <td>46307.81</td>\n      <td>1953.219529</td>\n      <td>9.044932e+07</td>\n      <td>0.111855</td>\n    </tr>\n    <tr>\n      <th>2022-04-02</th>\n      <td>46306.38</td>\n      <td>47218.17</td>\n      <td>45650.00</td>\n      <td>45820.28</td>\n      <td>724.308750</td>\n      <td>3.318803e+07</td>\n      <td>0.120900</td>\n    </tr>\n    <tr>\n      <th>2022-04-03</th>\n      <td>45820.28</td>\n      <td>47458.48</td>\n      <td>45565.64</td>\n      <td>46401.57</td>\n      <td>1063.628732</td>\n      <td>4.935404e+07</td>\n      <td>0.132246</td>\n    </tr>\n    <tr>\n      <th>2022-04-04</th>\n      <td>46414.88</td>\n      <td>46891.17</td>\n      <td>45124.79</td>\n      <td>46598.20</td>\n      <td>1496.641541</td>\n      <td>6.974080e+07</td>\n      <td>0.140735</td>\n    </tr>\n    <tr>\n      <th>2022-04-05</th>\n      <td>46514.43</td>\n      <td>47201.00</td>\n      <td>45342.33</td>\n      <td>45502.73</td>\n      <td>1127.690437</td>\n      <td>5.131299e+07</td>\n      <td>0.134802</td>\n    </tr>\n    <tr>\n      <th>2022-04-06</th>\n      <td>45512.95</td>\n      <td>45548.77</td>\n      <td>43086.80</td>\n      <td>43191.59</td>\n      <td>3073.556897</td>\n      <td>1.327518e+08</td>\n      <td>0.114979</td>\n    </tr>\n    <tr>\n      <th>2022-04-07</th>\n      <td>43172.83</td>\n      <td>43896.45</td>\n      <td>42741.52</td>\n      <td>43454.53</td>\n      <td>1381.677378</td>\n      <td>6.004014e+07</td>\n      <td>0.137454</td>\n    </tr>\n    <tr>\n      <th>2022-04-08</th>\n      <td>43467.82</td>\n      <td>43986.09</td>\n      <td>42120.00</td>\n      <td>42290.11</td>\n      <td>1453.744661</td>\n      <td>6.147902e+07</td>\n      <td>0.127055</td>\n    </tr>\n    <tr>\n      <th>2022-04-09</th>\n      <td>42258.22</td>\n      <td>42807.63</td>\n      <td>42131.51</td>\n      <td>42767.89</td>\n      <td>525.173544</td>\n      <td>2.246056e+07</td>\n      <td>0.129773</td>\n    </tr>\n    <tr>\n      <th>2022-04-10</th>\n      <td>42774.85</td>\n      <td>43450.72</td>\n      <td>41888.88</td>\n      <td>42133.85</td>\n      <td>862.613105</td>\n      <td>3.634521e+07</td>\n      <td>0.129445</td>\n    </tr>\n    <tr>\n      <th>2022-04-11</th>\n      <td>42159.45</td>\n      <td>42415.57</td>\n      <td>39218.15</td>\n      <td>39524.86</td>\n      <td>2288.479212</td>\n      <td>9.045182e+07</td>\n      <td>0.105515</td>\n    </tr>\n    <tr>\n      <th>2022-04-12</th>\n      <td>39545.37</td>\n      <td>40691.01</td>\n      <td>39273.65</td>\n      <td>40097.46</td>\n      <td>2111.920574</td>\n      <td>8.468265e+07</td>\n      <td>0.107226</td>\n    </tr>\n    <tr>\n      <th>2022-04-13</th>\n      <td>40099.51</td>\n      <td>41557.61</td>\n      <td>39584.86</td>\n      <td>41147.74</td>\n      <td>1563.484487</td>\n      <td>6.433385e+07</td>\n      <td>0.124991</td>\n    </tr>\n    <tr>\n      <th>2022-04-14</th>\n      <td>41159.29</td>\n      <td>41504.29</td>\n      <td>39582.53</td>\n      <td>39961.53</td>\n      <td>1169.493818</td>\n      <td>4.673476e+07</td>\n      <td>0.122640</td>\n    </tr>\n    <tr>\n      <th>2022-04-15</th>\n      <td>39962.60</td>\n      <td>40869.99</td>\n      <td>39788.97</td>\n      <td>40563.18</td>\n      <td>752.399438</td>\n      <td>3.051971e+07</td>\n      <td>0.124478</td>\n    </tr>\n    <tr>\n      <th>2022-04-16</th>\n      <td>40576.41</td>\n      <td>40701.00</td>\n      <td>40014.79</td>\n      <td>40395.67</td>\n      <td>365.726248</td>\n      <td>1.477376e+07</td>\n      <td>0.151660</td>\n    </tr>\n    <tr>\n      <th>2022-04-17</th>\n      <td>40379.81</td>\n      <td>40602.69</td>\n      <td>39565.68</td>\n      <td>39691.27</td>\n      <td>485.003719</td>\n      <td>1.925041e+07</td>\n      <td>0.136066</td>\n    </tr>\n    <tr>\n      <th>2022-04-18</th>\n      <td>39660.62</td>\n      <td>41101.00</td>\n      <td>38547.12</td>\n      <td>40814.60</td>\n      <td>2421.081856</td>\n      <td>9.881549e+07</td>\n      <td>0.114537</td>\n    </tr>\n    <tr>\n      <th>2022-04-19</th>\n      <td>40814.60</td>\n      <td>41754.05</td>\n      <td>40578.58</td>\n      <td>41505.77</td>\n      <td>1457.110812</td>\n      <td>6.047851e+07</td>\n      <td>0.170541</td>\n    </tr>\n    <tr>\n      <th>2022-04-20</th>\n      <td>41476.89</td>\n      <td>42220.04</td>\n      <td>40893.21</td>\n      <td>41375.85</td>\n      <td>1359.541313</td>\n      <td>5.625218e+07</td>\n      <td>0.151392</td>\n    </tr>\n    <tr>\n      <th>2022-04-21</th>\n      <td>41378.77</td>\n      <td>42978.95</td>\n      <td>39770.00</td>\n      <td>40470.76</td>\n      <td>2163.314054</td>\n      <td>8.755096e+07</td>\n      <td>0.157078</td>\n    </tr>\n    <tr>\n      <th>2022-04-22</th>\n      <td>40497.00</td>\n      <td>40808.66</td>\n      <td>39197.64</td>\n      <td>39726.03</td>\n      <td>2136.999771</td>\n      <td>8.489452e+07</td>\n      <td>0.139239</td>\n    </tr>\n    <tr>\n      <th>2022-04-23</th>\n      <td>39700.55</td>\n      <td>39983.98</td>\n      <td>39301.00</td>\n      <td>39421.59</td>\n      <td>398.244488</td>\n      <td>1.569943e+07</td>\n      <td>0.155180</td>\n    </tr>\n    <tr>\n      <th>2022-04-24</th>\n      <td>39438.51</td>\n      <td>39944.65</td>\n      <td>38987.00</td>\n      <td>39467.40</td>\n      <td>663.704172</td>\n      <td>2.619468e+07</td>\n      <td>0.168375</td>\n    </tr>\n    <tr>\n      <th>2022-04-25</th>\n      <td>39464.67</td>\n      <td>40602.85</td>\n      <td>38202.91</td>\n      <td>40441.11</td>\n      <td>2220.044028</td>\n      <td>8.978104e+07</td>\n      <td>0.139021</td>\n    </tr>\n    <tr>\n      <th>2022-04-26</th>\n      <td>40452.52</td>\n      <td>40800.00</td>\n      <td>37701.00</td>\n      <td>38137.67</td>\n      <td>2909.722520</td>\n      <td>1.109700e+08</td>\n      <td>0.150431</td>\n    </tr>\n    <tr>\n      <th>2022-04-27</th>\n      <td>38105.68</td>\n      <td>39494.73</td>\n      <td>37885.75</td>\n      <td>39256.05</td>\n      <td>1769.009307</td>\n      <td>6.944432e+07</td>\n      <td>0.141789</td>\n    </tr>\n    <tr>\n      <th>2022-04-28</th>\n      <td>39254.40</td>\n      <td>40387.00</td>\n      <td>38880.44</td>\n      <td>39754.20</td>\n      <td>1842.005084</td>\n      <td>7.322744e+07</td>\n      <td>0.139122</td>\n    </tr>\n    <tr>\n      <th>2022-04-29</th>\n      <td>39753.28</td>\n      <td>39923.61</td>\n      <td>38174.27</td>\n      <td>38593.42</td>\n      <td>1600.899167</td>\n      <td>6.178417e+07</td>\n      <td>0.130839</td>\n    </tr>\n    <tr>\n      <th>2022-04-30</th>\n      <td>38599.30</td>\n      <td>38786.95</td>\n      <td>37597.36</td>\n      <td>37639.80</td>\n      <td>728.279620</td>\n      <td>2.741230e+07</td>\n      <td>0.118325</td>\n    </tr>\n    <tr>\n      <th>2022-05-01</th>\n      <td>37638.78</td>\n      <td>38672.20</td>\n      <td>37400.00</td>\n      <td>38488.34</td>\n      <td>1248.042690</td>\n      <td>4.803509e+07</td>\n      <td>0.126698</td>\n    </tr>\n  </tbody>\n</table>\n</div>"
     },
     "execution_count": 21,
     "metadata": {},
     "output_type": "execute_result"
    }
   ],
   "source": [
    "dfbv"
   ],
   "metadata": {
    "collapsed": false,
    "pycharm": {
     "name": "#%%\n"
    }
   }
  },
  {
   "cell_type": "code",
   "execution_count": 22,
   "outputs": [],
   "source": [
    "#Scaling the data\n",
    "scaler = MinMaxScaler()\n",
    "scaler = scaler.fit(dfbv)\n",
    "dfsc = scaler.transform(dfbv)"
   ],
   "metadata": {
    "collapsed": false,
    "pycharm": {
     "name": "#%%\n"
    }
   }
  },
  {
   "cell_type": "code",
   "execution_count": 23,
   "outputs": [
    {
     "data": {
      "text/plain": "array([[0.65041216, 0.67611956, 0.65153891, 0.68037922, 0.50200529,\n        0.52282987, 0.25604352],\n       [0.68243782, 0.64246376, 0.70227545, 0.70228012, 0.04763886,\n        0.0615293 , 0.        ],\n       [0.70410224, 0.86571566, 0.73957434, 0.93944128, 0.43694116,\n        0.4900401 , 0.18061735],\n       [0.93848731, 1.        , 0.97174654, 0.96877046, 0.85906835,\n        0.95066427, 0.61431414],\n       [0.96877371, 0.98900521, 1.        , 1.        , 0.49877479,\n        0.56520099, 0.47969732],\n       [1.        , 0.94639189, 0.9612559 , 0.96018527, 0.46598814,\n        0.5240939 , 0.50433034],\n       [0.96202133, 0.93622331, 0.82101565, 0.80224926, 0.37197262,\n        0.40448088, 0.57677945],\n       [0.80280543, 0.8437334 , 0.71726208, 0.88275863, 0.58626018,\n        0.64143763, 0.53417922],\n       [0.88262519, 0.89376163, 0.86461311, 0.8331081 , 0.13242427,\n        0.15608219, 0.60597394],\n       [0.83312543, 0.91889393, 0.85577205, 0.89230724, 0.25773491,\n        0.29310779, 0.69603452],\n       [0.89367379, 0.85956305, 0.80957027, 0.91233223, 0.41764624,\n        0.46590907, 0.76341405],\n       [0.903811  , 0.89196595, 0.83236881, 0.80076849, 0.28139285,\n        0.30971215, 0.71631779],\n       [0.80182989, 0.71917108, 0.59598568, 0.56539973, 1.        ,\n        1.        , 0.55897507],\n       [0.56353453, 0.54636679, 0.55979979, 0.5921778 , 0.37519005,\n        0.38368479, 0.73737489],\n       [0.59357348, 0.5557416 , 0.4946635 , 0.47359212, 0.40180445,\n        0.39588096, 0.65482848],\n       [0.47039943, 0.43249493, 0.49586977, 0.52224971, 0.05888378,\n        0.06515456, 0.67640312],\n       [0.52300807, 0.49975109, 0.47044176, 0.45767845, 0.18349998,\n        0.18284294, 0.67380119],\n       [0.46034164, 0.39149219, 0.19054501, 0.19197636, 0.71007135,\n        0.64145883, 0.48384711],\n       [0.19414883, 0.21113284, 0.1963615 , 0.2502905 , 0.64486837,\n        0.59255847, 0.49743013],\n       [0.25057712, 0.30176431, 0.2289768 , 0.35725205, 0.4423313 ,\n        0.42007895, 0.63844393],\n       [0.35849495, 0.29618796, 0.22873261, 0.23644726, 0.29683081,\n        0.27090637, 0.61978454],\n       [0.23663552, 0.22985107, 0.25036785, 0.29771988, 0.14279814,\n        0.13346514, 0.63437288],\n       [0.29914004, 0.21217762, 0.27403415, 0.2806605 , 0.        ,\n        0.        , 0.85013414],\n       [0.27912019, 0.20189609, 0.22696671, 0.20892371, 0.04404909,\n        0.03794483, 0.72635049],\n       [0.20588478, 0.25401075, 0.12022   , 0.32332474, 0.75904142,\n        0.71235055, 0.55546562],\n       [0.32339503, 0.32230856, 0.33312024, 0.39371417, 0.40304757,\n        0.38740044, 1.        ],\n       [0.39083628, 0.37104311, 0.36609396, 0.38048299, 0.36701522,\n        0.35157743, 0.84800971],\n       [0.38084468, 0.45041206, 0.24837977, 0.28830774, 0.66384794,\n        0.61687073, 0.89314034],\n       [0.29105369, 0.22343701, 0.18839553, 0.21246371, 0.6541301 ,\n        0.59435428, 0.75154149],\n       [0.20995087, 0.13718965, 0.19922782, 0.18145924, 0.01200896,\n        0.00784616, 0.87807596],\n       [0.18326723, 0.13307641, 0.16632012, 0.18612457, 0.11004304,\n        0.09680547, 0.98281246],\n       [0.18593111, 0.20191282, 0.08414624, 0.28528815, 0.68479828,\n        0.63577323, 0.7498123 ],\n       [0.28652427, 0.22253132, 0.03154528, 0.05070357, 0.93949608,\n        0.81537437, 0.84037622],\n       [0.04754461, 0.08602251, 0.05090737, 0.16460048, 0.51823147,\n        0.46339603, 0.77178296],\n       [0.16451923, 0.17933862, 0.15515247, 0.21533257, 0.54518876,\n        0.49546234, 0.7506084 ],\n       [0.21532038, 0.13087599, 0.08114473, 0.09711759, 0.45614851,\n        0.39846748, 0.68486127],\n       [0.09781014, 0.01200088, 0.02068364, 0.        , 0.13389071,\n        0.10712622, 0.58553323],\n       [0.        , 0.        , 0.        , 0.08641614, 0.32583886,\n        0.28192815, 0.65199211]])"
     },
     "execution_count": 23,
     "metadata": {},
     "output_type": "execute_result"
    }
   ],
   "source": [
    "dfsc"
   ],
   "metadata": {
    "collapsed": false,
    "pycharm": {
     "name": "#%%\n"
    }
   }
  },
  {
   "cell_type": "code",
   "execution_count": 24,
   "outputs": [],
   "source": [
    "#So far I've only experimented with different window sizes and the differences are significant -best size is 3. Larger sizes decrease performance\n",
    "window_size = 3\n",
    "X=[]\n",
    "y=[]\n",
    "\n",
    "for i in range(len(dfsc)-window_size):\n",
    "    row = [r for r in dfsc[i:i+window_size]]\n",
    "    X.append(row)\n",
    "    label = dfsc[i+window_size][3]\n",
    "    y.append(label)\n",
    "\n",
    "\n",
    "X = np.array(X)\n",
    "y = np.array(y)"
   ],
   "metadata": {
    "collapsed": false,
    "pycharm": {
     "name": "#%%\n"
    }
   }
  },
  {
   "cell_type": "code",
   "execution_count": 25,
   "outputs": [
    {
     "name": "stdout",
     "output_type": "stream",
     "text": [
      "(35, 3, 7)\n",
      "(35,)\n"
     ]
    }
   ],
   "source": [
    "print(X.shape)\n",
    "print(y.shape)"
   ],
   "metadata": {
    "collapsed": false,
    "pycharm": {
     "name": "#%%\n"
    }
   }
  },
  {
   "cell_type": "code",
   "execution_count": 28,
   "outputs": [
    {
     "data": {
